  7.3000000e+001  8.0000000e+000
  6.7000000e+001  9.0000000e+000
  5.7000000e+001  1.0000000e+001
  4.3000000e+001  1.1000000e+001
  2.6000000e+001  1.2000000e+001
  4.1000000e+001  1.0000000e+000
  3.8000000e+001  2.0000000e+000
  4.6000000e+001  3.0000000e+000
  5.4000000e+001  4.0000000e+000
  6.0000000e+001  5.0000000e+000
  7.1000000e+001  6.0000000e+000
  7.5000000e+001  7.0000000e+000
  7.4000000e+001  8.0000000e+000
  6.6000000e+001  9.0000000e+000
  6.1000000e+001  1.0000000e+001
  4.9000000e+001  1.1000000e+001
  4.1000000e+001  1.2000000e+001
  3.5000000e+001  1.0000000e+000
  4.1000000e+001  2.0000000e+000
  4.2000000e+001  3.0000000e+000
  5.6000000e+001  4.0000000e+000
  6.9000000e+001  5.0000000e+000
  7.3000000e+001  6.0000000e+000
  7.7000000e+001  7.0000000e+000
  7.4000000e+001  8.0000000e+000
  6.6000000e+001  9.0000000e+000
  5.6000000e+001  1.0000000e+001
  4.7000000e+001  1.1000000e+001
  3.8000000e+001  1.2000000e+001
  3.4000000e+001  1.0000000e+000
  3.7000000e+001  2.0000000e+000
  3.9000000e+001  3.0000000e+000
  5.1000000e+001  4.0000000e+000
  6.0000000e+001  5.0000000e+000
  7.0000000e+001  6.0000000e+000
  7.3000000e+001  7.0000000e+000
  7.1000000e+001  8.0000000e+000
  6.6000000e+001  9.0000000e+000
  5.4000000e+001  1.0000000e+001
  4.5000000e+001  1.1000000e+001
  3.6000000e+001  1.2000000e+001
  3.4000000e+001  1.0000000e+000
  3.2000000e+001  2.0000000e+000
  3.9000000e+001  3.0000000e+000
  5.5000000e+001  4.0000000e+000
  6.4000000e+001  5.0000000e+000
  7.2000000e+001  6.0000000e+000
  7.9000000e+001  7.0000000e+000
  7.5000000e+001  8.0000000e+000
  6.5000000e+001  9.0000000e+000
  5.4000000e+001  1.0000000e+001
  4.8000000e+001  1.1000000e+001
  3.5000000e+001  1.2000000e+001
  2.4000000e+001  1.0000000e+000
  3.2000000e+001  2.0000000e+000
