  0.0000000e+000
  3.0000000e-001
  6.0000000e-001
  9.0000000e-001
  1.2000000e+000
  1.5000000e+000
  1.8000000e+000
  2.1000000e+000
  2.4000000e+000
  2.7000000e+000
  3.0000000e+000
  3.3000000e+000
  3.6000000e+000
  3.9000000e+000
  4.2000000e+000
  4.5000000e+000
  4.8000000e+000
  5.1000000e+000
  5.4000000e+000
  5.7000000e+000
  6.0000000e+000
  6.3000000e+000
  6.6000000e+000
  6.9000000e+000
  7.2000000e+000
  7.5000000e+000
  7.8000000e+000
  8.1000000e+000
  8.4000000e+000
  8.7000000e+000
  9.0000000e+000
  9.3000000e+000
  9.6000000e+000
  9.9000000e+000
