  0.0000000e+000
  1.9983342e-001
  3.9866933e-001
  5.9552021e-001
  7.8941834e-001
  9.7942554e-001
  1.1646425e+000
  1.3442177e+000
  1.5173561e+000
  1.6833269e+000
  1.8414710e+000
  1.9912074e+000
  2.1320391e+000
  2.2635582e+000
  2.3854497e+000
  2.4974950e+000
  2.5995736e+000
  2.6916648e+000
  2.7738476e+000
  2.8463001e+000
  2.9092974e+000
  2.9632094e+000
  3.0084964e+000
  3.0457052e+000
  3.0754632e+000
  3.0984721e+000
  3.1155014e+000
  3.1273799e+000
  3.1349882e+000
  3.1392493e+000
  3.1411200e+000
  3.1415807e+000
  3.1416259e+000
  3.1422543e+000
  3.1444589e+000
  3.1492168e+000
  3.1574796e+000
  3.1701639e+000
  3.1881421e+000
  3.2122338e+000
  3.2431975e+000
  3.2817229e+000
  3.3284242e+000
  3.3838341e+000
  3.4483979e+000
  3.5224699e+000
  3.6063090e+000
  3.7000767e+000
  3.8038354e+000
  3.9175474e+000
  4.0410757e+000
  4.1741853e+000
  4.3165453e+000
  4.4677326e+000
  4.6272355e+000
  4.7944597e+000
  4.9687334e+000
  5.1493145e+000
  5.3353978e+000
  5.5261233e+000
  5.7205845e+000
  5.9178375e+000
  6.1169106e+000
  6.3168139e+000
  6.5165492e+000
  6.7151200e+000
  6.9115414e+000
  7.1048499e+000
  7.2941134e+000
  7.4784398e+000
  7.6569866e+000
  7.8289690e+000
  7.9936679e+000
  8.1504366e+000
  8.2987081e+000
  8.4380000e+000
  8.5679197e+000
  8.6881682e+000
  8.7985433e+000
  8.8989413e+000
  8.9893582e+000
  9.0698898e+000
  9.1407306e+000
  9.2021718e+000
  9.2545989e+000
  9.2984871e+000
  9.3343971e+000
  9.3629692e+000
  9.3849172e+000
  9.4010209e+000
  9.4121185e+000
  9.4190984e+000
  9.4228899e+000
  9.4244544e+000
  9.4247754e+000
  9.4248489e+000
  9.4256732e+000
  9.4282394e+000
  9.4335209e+000
  9.4424641e+000
  9.4559789e+000
