  4.5510426e+000
  2.7296912e+000
  2.1702405e+000
  1.1599171e+000
  5.0064239e-001
 -6.0520172e-001
 -2.5216023e-001
 -6.4388654e-001
 -1.0905193e+000
 -6.6237229e-001
 -5.2221809e-001
 -1.3744108e+000
 -9.5505209e-001
 -1.3208966e+000
 -2.8676458e+000
 -3.4860564e+000
 -4.2825711e+000
 -6.2266638e+000
 -7.4254989e+000
 -1.0250706e+001
 -1.1882687e+001
 -1.5040457e+001
 -1.7809321e+001
 -2.1168530e+001
 -2.5202227e+001
 -2.9114300e+001
 -3.2500062e+001
 -3.6347171e+001
 -4.0695081e+001
 -4.3707678e+001
 -4.6818805e+001
 -4.9223231e+001
 -5.0039746e+001
 -4.9742386e+001
 -4.6857486e+001
 -4.2147360e+001
 -3.8125436e+001
 -3.5374921e+001
 -3.2891231e+001
 -3.0063167e+001
 -2.6963881e+001
 -2.2866443e+001
 -1.9026478e+001
 -1.4662665e+001
 -1.0715105e+001
 -5.0032600e+000
 -2.4229046e-001
  6.1369766e+000
  1.2214464e+001
  1.9631466e+001
  2.6642847e+001
  3.5498527e+001
  4.4029141e+001
  5.3545046e+001
  6.3484222e+001
