  1.1338936e+001
  1.0460253e+001
  8.9192245e+000
  8.8058208e+000
  8.0690680e+000
  6.8784573e+000
  7.0140153e+000
  6.0217183e+000
  5.5746868e+000
  4.8863120e+000
  4.6037824e+000
  4.3541741e+000
  4.5828372e+000
  3.6124234e+000
  3.5377948e+000
  3.4758695e+000
  3.0055539e+000
  2.5132936e+000
  2.4984626e+000
  2.4904648e+000
  2.6028537e+000
  2.4019356e+000
  2.1996995e+000
  1.9880760e+000
  1.2383234e+000
  1.6611894e+000
  1.3759017e+000
  1.0428856e+000
  1.2066755e+000
  1.3428762e+000
  3.6471291e-001
  5.1158933e-001
  7.4754365e-001
  9.0000649e-001
  3.0129605e-001
  5.1223079e-001
  1.6659110e-001
  8.5672018e-001
  1.0363461e-001
  4.0664827e-001
 -3.8562053e-003
 -9.3837797e-002
 -2.1477546e-001
 -1.6469831e-001
 -5.2551419e-001
 -7.4468420e-001
 -2.8953413e-001
 -1.2440302e+000
 -6.2973088e-001
 -8.4342057e-001
 -1.4074978e+000
 -1.3077357e+000
 -1.5329014e+000
 -2.3432376e+000
 -1.7829411e+000
 -2.1037867e+000
 -2.6259097e+000
 -3.4516960e+000
 -3.5377863e+000
 -3.6635165e+000
 -3.6537360e+000
 -3.7120389e+000
 -4.5829954e+000
 -4.4225163e+000
 -4.3472831e+000
 -4.6640128e+000
 -4.7630352e+000
 -4.4539128e+000
 -4.2022311e+000
 -4.0549566e+000
 -4.1135617e+000
 -3.9889166e+000
 -4.2492750e+000
 -3.7880192e+000
 -4.5840861e+000
 -3.7719907e+000
 -3.7047692e+000
 -3.9616869e+000
 -3.2467456e+000
 -2.8301133e+000
 -3.3808567e+000
 -2.2147011e+000
 -2.1969620e+000
 -2.1364352e+000
 -1.4808404e+000
 -1.5043808e+000
 -8.4786519e-001
 -2.0342145e-001
  9.0677833e-001
  7.8778360e-001
  2.1289277e+000
