 -3.7842901e-002
  2.4588989e-001
  5.7453415e-001
  8.6656263e-001
  9.8624370e-001
  9.1482752e-001
  1.0433720e+000
  7.9804597e-001
  6.6779469e-001
  3.2815294e-001
  2.2548490e-001
 -1.4628134e-001
 -3.6385099e-001
 -7.8014578e-001
 -7.7250261e-001
 -1.0325122e+000
 -1.0596253e+000
 -9.9955362e-001
 -6.8965166e-001
 -5.3064207e-001
 -2.3138958e-001
 -4.3199796e-002
  3.2525859e-001
  4.9631024e-001
  8.5729845e-001
  9.8523940e-001
  1.0694356e+000
  1.0426761e+000
  7.8074047e-001
  6.4702831e-001
  4.0214645e-001
  1.9546346e-001
 -2.4493300e-001
 -4.8194692e-001
