 -8.4959886e-001  8.9848125e-001
  1.7820476e-001 -6.0075430e-001
  3.4848414e-001 -5.6463868e-001
  1.7602683e-001 -9.8295613e-001
  6.7404515e-002 -3.9874684e-001
 -5.4767258e-002 -4.5105835e-001
 -3.5237761e-001  1.7289690e-001
 -1.3802782e-001 -2.0689431e-001
  5.2979560e-001 -6.2719445e-001
  9.9292535e-001 -2.1436720e-001
 -4.6996343e-001 -6.9081232e-001
  5.8413400e-001  6.6460891e-001
 -7.3078148e-001 -7.0049585e-001
 -9.2892770e-001  3.5909190e-001
 -9.2107022e-002  5.0017997e-001
  1.2595413e-001 -9.7021998e-001
 -5.3823441e-001 -7.1550700e-001
 -7.1047515e-001 -9.3868879e-001
  3.5419166e-001  6.1739103e-001
 -2.9185898e-001 -9.0570809e-001
  2.0944614e-002  3.3236296e-001
  3.8941330e-001 -8.7935129e-002
  1.9058590e-001  6.0599276e-001
  1.2221510e-002 -2.8312219e-001
  5.5279851e-001 -9.4933191e-001
  3.7040549e-001 -5.6282369e-001
 -3.6101272e-001  4.2182980e-001
  6.6428576e-001  9.7841573e-002
  3.2164312e-001  7.3938607e-001
  1.7413644e-001  4.7767131e-001
 -9.6184314e-001 -7.9353974e-001
  6.7390006e-001  9.4286643e-001
 -7.7200427e-001  4.7742522e-001
  6.8084089e-001 -9.7228485e-001
 -3.2500655e-001  3.5824333e-001
 -1.4112874e-001 -2.8994538e-002
  5.8755734e-001 -9.3056330e-001
 -7.1686504e-001 -7.7112076e-001
  2.1620369e-001 -8.4674978e-001
  8.6125764e-001  2.1564936e-001
  2.7288752e-001 -5.3306830e-001
 -9.0445869e-001 -7.1597711e-001
  3.9669225e-001  6.0346397e-002
 -4.8578094e-001  8.6060268e-001
  3.8180301e-001  2.3380554e-001
 -2.7364046e-001  3.7978384e-001
  8.3768455e-002 -5.3114827e-001
 -5.5571617e-001 -5.8631228e-001
  8.1097466e-001 -9.2526747e-001
 -2.5291767e-001  3.2672993e-001
 -8.4236701e-001  1.4509141e-002
 -9.3814013e-001 -2.8399101e-002
  2.5380161e-001  7.2339002e-001
  8.7399327e-001  9.3102981e-001
 -3.6012941e-001  5.1937587e-001
  4.9034946e-001 -5.0664110e-001
 -4.2214319e-001  3.5253492e-001
 -7.5129191e-001  5.1861089e-001
  2.8161987e-002  1.7237963e-001
 -2.2497626e-001  6.4487853e-001
  9.5721953e-001  8.5367029e-001
 -4.1636452e-001  2.7513376e-001
  1.8468513e-001 -9.6212427e-001
  1.4271289e-001 -6.3131874e-001
  2.3171198e-001 -9.4651858e-001
  1.2182852e-001  8.6999734e-001
 -4.4028121e-001 -3.1065283e-002
 -6.9630073e-001  5.8957112e-001
  4.6602501e-001 -8.6329320e-002
 -9.2060296e-001 -1.1581478e-002
  6.0324461e-001 -1.4857210e-001
 -1.8716622e-001  7.8354431e-001
  6.6002288e-001  7.4857024e-001
  9.4207097e-001  2.6630074e-001
 -1.5503389e-001 -4.1544137e-001
 -8.9219031e-001 -4.1664332e-001
  5.7407355e-001 -5.0899991e-001
  2.6015404e-001  4.0869584e-001
  1.7638769e-002  5.4922375e-001
  1.3537231e-001  6.4530712e-001
 -3.8161827e-001  6.1237929e-001
  4.9427195e-001 -4.9245809e-001
 -3.2667830e-001  6.0099972e-001
  7.6670875e-001  2.5941744e-001
 -3.3268816e-001 -5.3699687e-001
  5.9202914e-001 -2.3784648e-001
  6.0956766e-001 -9.3596719e-002
 -8.9952265e-001  1.1191162e-003
 -1.9498974e-001  8.1143090e-002
  9.3038329e-001 -3.0970968e-001
 -1.7124811e-001 -4.1713994e-001
 -3.3895286e-001  4.0705718e-001
  2.7274471e-001  8.6815683e-001
  7.1605074e-001  1.8834951e-001
  5.7656797e-001  1.8618155e-001
  7.6819486e-002  4.7746207e-001
  4.8334089e-001 -2.5471363e-001
  4.7944121e-001 -9.3459249e-002
 -1.1041079e-001  1.8751129e-002
  7.0081972e-001  8.5742167e-001
 -1.0930280e-002 -9.8424387e-002
  8.9631507e-001  2.7486974e-001
  5.9557638e-001 -8.1272284e-002
 -7.3391083e-001  1.0754892e-001
 -5.2446049e-001 -9.1753468e-001
 -7.4455307e-001  6.0440436e-001
  6.8240798e-002  3.4302327e-001
 -8.8660662e-001 -5.9934481e-001
 -6.2850003e-002 -9.7082725e-001
  9.6537561e-001  5.2633205e-001
  3.6444232e-001  1.3502352e-001
  7.4180144e-001  3.0842760e-001
 -7.5788691e-003  2.6948078e-001
 -4.2467558e-001  4.6866040e-001
 -6.3396137e-001  7.7465316e-001
  9.2243802e-001  3.3181802e-001
  5.1252295e-001 -7.5865080e-001
  9.0070698e-001  4.2747118e-001
  3.4253330e-001 -1.0554564e-001
 -6.2789078e-001  2.8196471e-001
 -4.2031608e-001  2.9779226e-001
 -8.8358435e-001  3.5675079e-001
 -9.1186756e-001 -8.8234472e-001
 -4.4088234e-001 -5.5209347e-001
 -6.5906076e-001 -6.6403685e-001
  3.5420112e-001  8.5705881e-001
  8.0483586e-001  3.0461982e-002
 -2.9602536e-001  3.4672703e-001
 -7.9968297e-001  3.3560045e-001
  5.8600447e-001 -8.3707715e-001
 -6.3135142e-002 -5.4985306e-001
  3.7468241e-001 -4.3162158e-001
  3.6615706e-001  8.2752745e-001
 -1.5712823e-001 -5.4179687e-001
  3.1868505e-001 -5.0275918e-001
  2.6685426e-001  3.5258151e-001
  5.0292018e-002  2.9698132e-001
 -6.1743710e-001  4.0735371e-001
  2.3812019e-002  6.7420656e-001
  4.9666053e-001  4.5459141e-001
 -1.6034617e-001 -9.6113122e-001
  4.7495884e-001  1.6749296e-001
  3.7293547e-001  8.4175365e-001
  9.1145203e-001 -8.1664399e-001
 -3.8418708e-001  1.0912122e-001
 -3.1539827e-001  8.6160559e-001
 -2.2593286e-001 -6.0109411e-001
 -9.4764819e-001  5.0639169e-002
  2.6709281e-001 -7.4652178e-001
  1.3050212e-001  4.9745456e-001
 -2.6897717e-001 -3.7066262e-001
 -1.5708260e-001 -6.2565174e-001
 -7.5599456e-002  9.6079025e-001
 -3.7112245e-001  4.2565427e-001
 -5.4867662e-001  6.5129998e-001
 -7.6812623e-001  3.6643964e-001
 -7.3206779e-001  3.7880360e-001
  8.9304689e-001  6.1751764e-002
 -1.5134057e-002 -6.2229260e-001
  4.9642725e-001 -1.3968586e-002
 -3.7812968e-001  1.1907973e-001
 -9.8458943e-001  6.5656054e-001
  2.3124334e-001 -5.9426279e-001
 -2.8485332e-001  5.5492439e-002
  2.9765814e-001  6.1562242e-001
  6.9195446e-001 -2.8979108e-001
 -7.9729358e-001  9.5510069e-002
  1.7660367e-001  4.3487568e-001
  1.6476438e-001 -5.9497527e-001
  4.3607522e-002  2.8751380e-001
 -9.0800340e-002 -9.9982197e-001
  9.3340401e-001  2.6353960e-002
 -6.3538608e-001  1.3965803e-001
  1.1878426e-001 -9.8592660e-001
  2.5294898e-001  7.8494491e-001
 -9.3974001e-001  6.6638721e-001
  2.8454611e-001  5.5033092e-001
  6.7632226e-001  5.7627127e-001
 -2.0972797e-001 -2.5274084e-001
 -1.2531559e-001 -6.9537604e-001
 -8.3023444e-001 -2.9547939e-001
  1.6275495e-001  2.9019585e-001
  7.4336395e-001  8.6387349e-001
 -5.8618585e-001 -8.1335793e-001
 -8.1077994e-001  4.7755554e-001
 -6.2409560e-001 -8.8946528e-001
  3.3567315e-001  5.1431694e-001
  4.6484181e-001 -7.3021290e-002
  2.6202090e-001 -9.0999110e-001
 -6.3587690e-002  6.8405901e-001
 -3.7127534e-001 -6.7057688e-001
  2.8293332e-001 -7.6985213e-001
  1.2405379e-001 -4.5687826e-001
  3.2745334e-001 -3.7122743e-001
 -7.5024591e-001  2.1217925e-001
  3.4805435e-001  3.5493341e-001
  3.6062256e-001  9.7528451e-001
  8.6024029e-001  9.8652150e-001
  6.5763938e-001  5.1507268e-001
 -6.4379929e-001 -4.4988079e-001
