 100 
 100 
 100 
 100 
 100 
 100 
 100 
 100 
 100 
 100 
 100 
 100 
 100 
  75 
 100 
 100 
 100 
 100 
 100 
  75 
  75 
 100 
 100 
 100 
 100 
 100 
 100 
 100 
 100 
  75 
 100 
 100 
 100 
 100 
  75 
 100 
 100 
 100 
  75 
  75 
 100 
 100 
 100 
 100 
  75 
  75 
 100 
 100 
 100 
 100 
  75 
 100 
 100 
 100 
 100 
 100 
 100 
 100 
 100 
 100 
 100 
 100 
 100 
 100 
 100 
 100 
 100 
  25 
  25 
  25 
  25 
  25 
   0 
   0 
   0 
   0 
   0 
   0 
 100 
 100 
 100 
 100 
 100 
 100 
 100 
 100 
  75 
  75 
 100 
  75 
  75 
 100 
 100 
 100 
 100 
 100 
 100 
  75 
  50 
  50 
  50 
  50 
  50 
  50 
  50 
  25 
  25 
 100 
 100 
 100 
 100 
 100 
  75 
 100 
  75 
 100 
 100 
 100 
 100 
 100 
 100 
 100 
  75 
  75 
  75 
  75 
  75 
 100 
