  2.4828000e+001
  2.4688000e+001
  1.9310000e+001
  5.9706000e+001
  9.9667000e+001
  4.9333000e+001
  5.9375000e+001
  5.5172000e+001
  5.5517000e+001
  2.5938000e+001
  2.0690000e+001
  2.4333000e+001
  2.2759000e+001
  2.4688000e+001
  2.2759000e+001
  5.0588000e+001
  7.9000000e+001
  8.7188000e+001
  4.7333000e+001
  3.8621000e+001
  2.7931000e+001
  2.5000000e+001
  1.7241000e+001
  1.7000000e+001
  2.2188000e+001
  1.8276000e+001
  2.7241000e+001
  3.9706000e+001
  8.1667000e+001
  7.9688000e+001
  6.7667000e+001
  6.5862000e+001
  5.4839000e+001
  3.4667000e+001
  2.3448000e+001
  2.9586000e+001
  3.2448000e+001
  3.0033000e+001
  4.3586000e+001
  4.8029000e+001
  5.2424000e+001
  6.2333000e+001
  7.1156000e+001
  4.4621000e+001
  1.9357000e+001
  2.3733000e+001
  1.0414000e+001
  1.7875000e+001
  2.4207000e+001
  2.4333000e+001
  4.0935000e+001
  4.2938000e+001
  6.5250000e+001
  1.0130000e+002
  1.0166000e+002
