       480          2         10          2          1          0 
       470          2         10          2          1          0 
       320          2         13          4          3          0 
       250          1         13          4          3          0 
       140          1         13          4          3          0 
       520          3         10          2          3          0 
       470          2         10          2          3          0 
       360          2         10          3          3          0 
       380          2         10          3          3          0 
       570          3         10          3          3          0 
       890          3         13          4          4          0 
      1500          4         13          2          4          0 
      2000          4         13          2          4          0 
      3500         10         13          1          2          0 
       200          1         13          4          2          0 
       240          1         13          4          2          0 
      2360          6         13          2          2          0 
       250          1         13          4          2          0 
       870          3         10          3          2          0 
      4780          9         10          1          1          0 
      6300          6         13          1          1          0 
      2100          8         13          2          1          0 
       250          1         13          4          1          0 
       140          1         13          4          1          0 
       720          3         10          3          1          0 
       650          3         10          3          1          0 
       320          2         10          3          1          0 
       550          3         10          3          2          0 
      1500          4         10          2          2          0 
      3500          6         13          2          4          0 
       150          1         15          4          4          0 
       120          1         10          3          5          0 
       300          1         10          3          1          0 
       600          3         10          3          1          0 
      1200          5         10          2          1          0 
       750          3         10          3          1          0 
       900          3         10          3          1          0 
      3500          6         13          1          1          0 
      2500          6         13          2          1          0 
      1500          4         13          4          1          0 
       390          2         13          4          1          0 
       450          2         13          4          1          0 
       210          1         10          3          2          0 
       330          2         10          3          2          0 
      1500          5         10          2          2          0 
      1700          4         10          2          2          0 
       150          1         13          4          2          0 
       290          1         13          4          2          0 
       430          2         13          4          2          0 
       850          3         13          4          2          0 
      1250          7         13          2          2          0 
        45          2         13          3          3          0 
       300          1         13          3          3          0 
       730          3         13          3          3          0 
       960          3         13          3          3          0 
       430          2         13          3          3          0 
       210          1         10          4          3          0 
       540          3         10          4          3          0 
       830          3         10          4          3          0 
       320          2         10          4          3          0 
       450          2         10          2          1          0 
       320          2         10          2          1          0 
       970          3         10          3          2          0 
       650          3         10          3          2          0 
       230          1         10          3          2          0 
       150          1         13          4          2          0 
       240          1         13          4          2          0 
      1000          5         20          5          7          1 
      5000          4         20          5          7          1 
      2000         20         24          4          1          0 
      5000         21         22          3          3          0 
     10000         20         18          4          5          0 
      3000         20         18          4          7          1 
      6000         21         20          4          7          1 
      5000         20         23          5          6          1 
      3000         21         24          5          6          1 
     10000         20         20          5          2          0 
      5000         21         22          5          4          0 
       900          3         10          3          2          0 
       200          1         13          4          4          0 
       640          3         15          2          4          0 
       360          2         10          3          5          0 
       870          3         10          3          5          0 
       150          1         10          3          5          0 
      2000          8         15          2          5          0 
      3200         10         15          1          5          0 
      5400         10         15          1          5          0 
      2600          8         15          2          5          0 
      3700          9         15          1          5          0 
      6900         10         15          1          5          0 
      3000          6         15          2          5          0 
      1500          5         13          2          5          0 
      1200          5         13          2          5          0 
       450          2         10          4          5          0 
       650          3         10          4          5          0 
       700          3         10          4          5          0 
       600          3         10          4          5          0 
      1800          3         10          3          5          0 
      5000          1         15          2          6          1 
      3000          2         15          2          6          1 
      2000          3         10          1          6          1 
      3000          5         10          1          6          1 
      2000          1         13          4          1          0 
      5000          2         13          3          1          0 
      2000          5         20          3          3          0 
      1000          2         18          5          6          1 
      2500          6         18          5          6          1 
       180          1         10          3          2          0 
       790          3         10          4          3          0 
       900          3         13          3          4          0 
       310          2         13          3          4          0 
       150          1         13          3          4          0 
      1300          4         13          2          4          0 
      3000          5         13          1          4          0 
      2900          8         13          2          4          0 
      5000          9         13          1          4          0 
       300          1         10          4          4          0 
       800          3         10          4          4          0 
       700          3         10          4          4          0 
       470          2         10          2          5          0 
       860          3         10          2          5          0 
      1500          4         13          3          5          0 
      5400          9         15          1          5          0 
      3200         10         15          1          5          0 
      2300         10         15          1          5          0 
      4700          9         15          1          5          0 
      4330          9         15          1          5          0 
       550          3         10          2          5          0 
