  0.0000000e+000
  2.9552021e-001
  5.6464247e-001
  7.8332691e-001
  9.3203909e-001
  9.9749499e-001
  9.7384763e-001
  8.6320937e-001
  6.7546318e-001
  4.2737988e-001
  1.4112001e-001
 -1.5774569e-001
 -4.4252044e-001
 -6.8776616e-001
 -8.7157577e-001
 -9.7753012e-001
 -9.9616461e-001
 -9.2581468e-001
 -7.7276449e-001
 -5.5068554e-001
 -2.7941550e-001
  1.6813900e-002
  3.1154136e-001
  5.7843976e-001
  7.9366786e-001
  9.3799998e-001
  9.9854335e-001
  9.6988981e-001
  8.5459891e-001
  6.6296923e-001
  4.1211849e-001
  1.2445442e-001
 -1.7432678e-001
 -4.5753589e-001
