 -1.5000000e+000
 -1.4800000e+000
 -1.4600000e+000
 -1.4400000e+000
 -1.4200000e+000
 -1.4000000e+000
 -1.3800000e+000
 -1.3600000e+000
 -1.3400000e+000
 -1.3200000e+000
 -1.3000000e+000
 -1.2800000e+000
 -1.2600000e+000
 -1.2400000e+000
 -1.2200000e+000
 -1.2000000e+000
 -1.1800000e+000
 -1.1600000e+000
 -1.1400000e+000
 -1.1200000e+000
 -1.1000000e+000
 -1.0800000e+000
 -1.0600000e+000
 -1.0400000e+000
 -1.0200000e+000
 -1.0000000e+000
 -9.5000000e-001
 -9.0000000e-001
 -8.5000000e-001
 -8.0000000e-001
 -7.5000000e-001
 -7.0000000e-001
 -6.5000000e-001
 -6.0000000e-001
 -5.5000000e-001
 -5.0000000e-001
 -4.5000000e-001
 -4.0000000e-001
 -3.5000000e-001
 -3.0000000e-001
 -2.5000000e-001
 -2.0000000e-001
 -1.5000000e-001
 -1.0000000e-001
 -5.0000000e-002
  0.0000000e+000
  5.0000000e-002
  1.0000000e-001
  1.5000000e-001
  2.0000000e-001
  2.5000000e-001
  3.0000000e-001
  3.5000000e-001
  4.0000000e-001
  4.5000000e-001
  5.0000000e-001
  5.5000000e-001
  6.0000000e-001
  6.5000000e-001
  7.0000000e-001
  7.5000000e-001
  8.0000000e-001
  8.5000000e-001
  9.0000000e-001
  9.5000000e-001
  1.0000000e+000
  1.0200000e+000
  1.0400000e+000
  1.0600000e+000
  1.0800000e+000
  1.1000000e+000
  1.1200000e+000
  1.1400000e+000
  1.1600000e+000
  1.1800000e+000
  1.2000000e+000
  1.2200000e+000
  1.2400000e+000
  1.2600000e+000
  1.2800000e+000
  1.3000000e+000
  1.3200000e+000
  1.3400000e+000
  1.3600000e+000
  1.3800000e+000
  1.4000000e+000
  1.4200000e+000
  1.4400000e+000
  1.4600000e+000
  1.4800000e+000
  1.5000000e+000
