  0.0000000e+000
  9.9833417e-002
  1.9866933e-001
  2.9552021e-001
  3.8941834e-001
  4.7942554e-001
  5.6464247e-001
  6.4421769e-001
  7.1735609e-001
  7.8332691e-001
  8.4147098e-001
  8.9120736e-001
  9.3203909e-001
  9.6355819e-001
  9.8544973e-001
  9.9749499e-001
  9.9957360e-001
  9.9166481e-001
  9.7384763e-001
  9.4630009e-001
  9.0929743e-001
  8.6320937e-001
  8.0849640e-001
  7.4570521e-001
  6.7546318e-001
  5.9847214e-001
  5.1550137e-001
  4.2737988e-001
  3.3498815e-001
  2.3924933e-001
  1.4112001e-001
  4.1580662e-002
 -5.8374143e-002
 -1.5774569e-001
 -2.5554110e-001
 -3.5078323e-001
 -4.4252044e-001
 -5.2983614e-001
 -6.1185789e-001
 -6.8776616e-001
 -7.5680250e-001
 -8.1827711e-001
 -8.7157577e-001
 -9.1616594e-001
 -9.5160207e-001
 -9.7753012e-001
 -9.9369100e-001
 -9.9992326e-001
 -9.9616461e-001
 -9.8245261e-001
 -9.5892427e-001
 -9.2581468e-001
 -8.8345466e-001
 -8.3226744e-001
 -7.7276449e-001
 -7.0554033e-001
 -6.3126664e-001
 -5.5068554e-001
 -4.6460218e-001
 -3.7387666e-001
 -2.7941550e-001
 -1.8216250e-001
 -8.3089403e-002
  1.6813900e-002
  1.1654920e-001
  2.1511999e-001
  3.1154136e-001
  4.0484992e-001
  4.9411335e-001
  5.7843976e-001
  6.5698660e-001
  7.2896904e-001
  7.9366786e-001
  8.5043662e-001
  8.9870810e-001
  9.3799998e-001
  9.6791967e-001
  9.8816823e-001
  9.9854335e-001
  9.9894134e-001
  9.8935825e-001
  9.6988981e-001
  9.4073056e-001
  9.0217183e-001
  8.5459891e-001
  7.9848711e-001
  7.3439710e-001
  6.6296923e-001
  5.8491719e-001
  5.0102086e-001
  4.1211849e-001
  3.1909836e-001
  2.2288991e-001
  1.2445442e-001
  2.4775425e-002
 -7.5151120e-002
 -1.7432678e-001
 -2.7176063e-001
 -3.6647913e-001
 -4.5753589e-001
 -5.4402111e-001
