  4.8000000e+002  2.0000000e+000  1.0000000e+001  2.0000000e+000  1.0000000e+000  0.0000000e+000
  4.7000000e+002  2.0000000e+000  1.0000000e+001  2.0000000e+000  1.0000000e+000  0.0000000e+000
  3.2000000e+002  2.0000000e+000  1.3000000e+001  4.0000000e+000  3.0000000e+000  0.0000000e+000
  2.5000000e+002  1.0000000e+000  1.3000000e+001  4.0000000e+000  3.0000000e+000  0.0000000e+000
  1.4000000e+002  1.0000000e+000  1.3000000e+001  4.0000000e+000  3.0000000e+000  0.0000000e+000
  5.2000000e+002  3.0000000e+000  1.0000000e+001  2.0000000e+000  3.0000000e+000  0.0000000e+000
  4.7000000e+002  2.0000000e+000  1.0000000e+001  2.0000000e+000  3.0000000e+000  0.0000000e+000
  3.6000000e+002  2.0000000e+000  1.0000000e+001  3.0000000e+000  3.0000000e+000  0.0000000e+000
  3.8000000e+002  2.0000000e+000  1.0000000e+001  3.0000000e+000  3.0000000e+000  0.0000000e+000
  5.7000000e+002  3.0000000e+000  1.0000000e+001  3.0000000e+000  3.0000000e+000  0.0000000e+000
  8.9000000e+002  3.0000000e+000  1.3000000e+001  4.0000000e+000  4.0000000e+000  0.0000000e+000
  1.5000000e+003  4.0000000e+000  1.3000000e+001  2.0000000e+000  4.0000000e+000  0.0000000e+000
  2.0000000e+003  4.0000000e+000  1.3000000e+001  2.0000000e+000  4.0000000e+000  0.0000000e+000
  3.5000000e+003  1.0000000e+001  1.3000000e+001  1.0000000e+000  2.0000000e+000  0.0000000e+000
  2.0000000e+002  1.0000000e+000  1.3000000e+001  4.0000000e+000  2.0000000e+000  0.0000000e+000
  2.4000000e+002  1.0000000e+000  1.3000000e+001  4.0000000e+000  2.0000000e+000  0.0000000e+000
  2.3600000e+003  6.0000000e+000  1.3000000e+001  2.0000000e+000  2.0000000e+000  0.0000000e+000
  2.5000000e+002  1.0000000e+000  1.3000000e+001  4.0000000e+000  2.0000000e+000  0.0000000e+000
  8.7000000e+002  3.0000000e+000  1.0000000e+001  3.0000000e+000  2.0000000e+000  0.0000000e+000
  4.7800000e+003  9.0000000e+000  1.0000000e+001  1.0000000e+000  1.0000000e+000  0.0000000e+000
  6.3000000e+003  6.0000000e+000  1.3000000e+001  1.0000000e+000  1.0000000e+000  0.0000000e+000
  2.1000000e+003  8.0000000e+000  1.3000000e+001  2.0000000e+000  1.0000000e+000  0.0000000e+000
  2.5000000e+002  1.0000000e+000  1.3000000e+001  4.0000000e+000  1.0000000e+000  0.0000000e+000
  1.4000000e+002  1.0000000e+000  1.3000000e+001  4.0000000e+000  1.0000000e+000  0.0000000e+000
  7.2000000e+002  3.0000000e+000  1.0000000e+001  3.0000000e+000  1.0000000e+000  0.0000000e+000
  6.5000000e+002  3.0000000e+000  1.0000000e+001  3.0000000e+000  1.0000000e+000  0.0000000e+000
  3.2000000e+002  2.0000000e+000  1.0000000e+001  3.0000000e+000  1.0000000e+000  0.0000000e+000
  5.5000000e+002  3.0000000e+000  1.0000000e+001  3.0000000e+000  2.0000000e+000  0.0000000e+000
  1.5000000e+003  4.0000000e+000  1.0000000e+001  2.0000000e+000  2.0000000e+000  0.0000000e+000
  3.5000000e+003  6.0000000e+000  1.3000000e+001  2.0000000e+000  4.0000000e+000  0.0000000e+000
  1.5000000e+002  1.0000000e+000  1.5000000e+001  4.0000000e+000  4.0000000e+000  0.0000000e+000
  1.2000000e+002  1.0000000e+000  1.0000000e+001  3.0000000e+000  5.0000000e+000  0.0000000e+000
  3.0000000e+002  1.0000000e+000  1.0000000e+001  3.0000000e+000  1.0000000e+000  0.0000000e+000
  6.0000000e+002  3.0000000e+000  1.0000000e+001  3.0000000e+000  1.0000000e+000  0.0000000e+000
  1.2000000e+003  5.0000000e+000  1.0000000e+001  2.0000000e+000  1.0000000e+000  0.0000000e+000
  7.5000000e+002  3.0000000e+000  1.0000000e+001  3.0000000e+000  1.0000000e+000  0.0000000e+000
  9.0000000e+002  3.0000000e+000  1.0000000e+001  3.0000000e+000  1.0000000e+000  0.0000000e+000
  3.5000000e+003  6.0000000e+000  1.3000000e+001  1.0000000e+000  1.0000000e+000  0.0000000e+000
  2.5000000e+003  6.0000000e+000  1.3000000e+001  2.0000000e+000  1.0000000e+000  0.0000000e+000
  1.5000000e+003  4.0000000e+000  1.3000000e+001  4.0000000e+000  1.0000000e+000  0.0000000e+000
  3.9000000e+002  2.0000000e+000  1.3000000e+001  4.0000000e+000  1.0000000e+000  0.0000000e+000
  4.5000000e+002  2.0000000e+000  1.3000000e+001  4.0000000e+000  1.0000000e+000  0.0000000e+000
  2.1000000e+002  1.0000000e+000  1.0000000e+001  3.0000000e+000  2.0000000e+000  0.0000000e+000
  3.3000000e+002  2.0000000e+000  1.0000000e+001  3.0000000e+000  2.0000000e+000  0.0000000e+000
  1.5000000e+003  5.0000000e+000  1.0000000e+001  2.0000000e+000  2.0000000e+000  0.0000000e+000
  1.7000000e+003  4.0000000e+000  1.0000000e+001  2.0000000e+000  2.0000000e+000  0.0000000e+000
  1.5000000e+002  1.0000000e+000  1.3000000e+001  4.0000000e+000  2.0000000e+000  0.0000000e+000
  2.9000000e+002  1.0000000e+000  1.3000000e+001  4.0000000e+000  2.0000000e+000  0.0000000e+000
  4.3000000e+002  2.0000000e+000  1.3000000e+001  4.0000000e+000  2.0000000e+000  0.0000000e+000
  8.5000000e+002  3.0000000e+000  1.3000000e+001  4.0000000e+000  2.0000000e+000  0.0000000e+000
  1.2500000e+003  7.0000000e+000  1.3000000e+001  2.0000000e+000  2.0000000e+000  0.0000000e+000
  4.5000000e+001  2.0000000e+000  1.3000000e+001  3.0000000e+000  3.0000000e+000  0.0000000e+000
  3.0000000e+002  1.0000000e+000  1.3000000e+001  3.0000000e+000  3.0000000e+000  0.0000000e+000
  7.3000000e+002  3.0000000e+000  1.3000000e+001  3.0000000e+000  3.0000000e+000  0.0000000e+000
  9.6000000e+002  3.0000000e+000  1.3000000e+001  3.0000000e+000  3.0000000e+000  0.0000000e+000
  4.3000000e+002  2.0000000e+000  1.3000000e+001  3.0000000e+000  3.0000000e+000  0.0000000e+000
  2.1000000e+002  1.0000000e+000  1.0000000e+001  4.0000000e+000  3.0000000e+000  0.0000000e+000
  5.4000000e+002  3.0000000e+000  1.0000000e+001  4.0000000e+000  3.0000000e+000  0.0000000e+000
  8.3000000e+002  3.0000000e+000  1.0000000e+001  4.0000000e+000  3.0000000e+000  0.0000000e+000
  3.2000000e+002  2.0000000e+000  1.0000000e+001  4.0000000e+000  3.0000000e+000  0.0000000e+000
  4.5000000e+002  2.0000000e+000  1.0000000e+001  2.0000000e+000  1.0000000e+000  0.0000000e+000
  3.2000000e+002  2.0000000e+000  1.0000000e+001  2.0000000e+000  1.0000000e+000  0.0000000e+000
  9.7000000e+002  3.0000000e+000  1.0000000e+001  3.0000000e+000  2.0000000e+000  0.0000000e+000
  6.5000000e+002  3.0000000e+000  1.0000000e+001  3.0000000e+000  2.0000000e+000  0.0000000e+000
  2.3000000e+002  1.0000000e+000  1.0000000e+001  3.0000000e+000  2.0000000e+000  0.0000000e+000
  1.5000000e+002  1.0000000e+000  1.3000000e+001  4.0000000e+000  2.0000000e+000  0.0000000e+000
  2.4000000e+002  1.0000000e+000  1.3000000e+001  4.0000000e+000  2.0000000e+000  0.0000000e+000
  1.0000000e+003  5.0000000e+000  2.0000000e+001  5.0000000e+000  7.0000000e+000  1.0000000e+000
  5.0000000e+003  4.0000000e+000  2.0000000e+001  5.0000000e+000  7.0000000e+000  1.0000000e+000
  2.0000000e+003  2.0000000e+001  2.4000000e+001  4.0000000e+000  1.0000000e+000  0.0000000e+000
  5.0000000e+003  2.1000000e+001  2.2000000e+001  3.0000000e+000  3.0000000e+000  0.0000000e+000
  1.0000000e+004  2.0000000e+001  1.8000000e+001  4.0000000e+000  5.0000000e+000  0.0000000e+000
  3.0000000e+003  2.0000000e+001  1.8000000e+001  4.0000000e+000  7.0000000e+000  1.0000000e+000
  6.0000000e+003  2.1000000e+001  2.0000000e+001  4.0000000e+000  7.0000000e+000  1.0000000e+000
  5.0000000e+003  2.0000000e+001  2.3000000e+001  5.0000000e+000  6.0000000e+000  1.0000000e+000
  3.0000000e+003  2.1000000e+001  2.4000000e+001  5.0000000e+000  6.0000000e+000  1.0000000e+000
  1.0000000e+004  2.0000000e+001  2.0000000e+001  5.0000000e+000  2.0000000e+000  0.0000000e+000
  5.0000000e+003  2.1000000e+001  2.2000000e+001  5.0000000e+000  4.0000000e+000  0.0000000e+000
  9.0000000e+002  3.0000000e+000  1.0000000e+001  3.0000000e+000  2.0000000e+000  0.0000000e+000
  2.0000000e+002  1.0000000e+000  1.3000000e+001  4.0000000e+000  4.0000000e+000  0.0000000e+000
  6.4000000e+002  3.0000000e+000  1.5000000e+001  2.0000000e+000  4.0000000e+000  0.0000000e+000
  3.6000000e+002  2.0000000e+000  1.0000000e+001  3.0000000e+000  5.0000000e+000  0.0000000e+000
  8.7000000e+002  3.0000000e+000  1.0000000e+001  3.0000000e+000  5.0000000e+000  0.0000000e+000
  1.5000000e+002  1.0000000e+000  1.0000000e+001  3.0000000e+000  5.0000000e+000  0.0000000e+000
  2.0000000e+003  8.0000000e+000  1.5000000e+001  2.0000000e+000  5.0000000e+000  0.0000000e+000
  3.2000000e+003  1.0000000e+001  1.5000000e+001  1.0000000e+000  5.0000000e+000  0.0000000e+000
  5.4000000e+003  1.0000000e+001  1.5000000e+001  1.0000000e+000  5.0000000e+000  0.0000000e+000
  2.6000000e+003  8.0000000e+000  1.5000000e+001  2.0000000e+000  5.0000000e+000  0.0000000e+000
  3.7000000e+003  9.0000000e+000  1.5000000e+001  1.0000000e+000  5.0000000e+000  0.0000000e+000
  6.9000000e+003  1.0000000e+001  1.5000000e+001  1.0000000e+000  5.0000000e+000  0.0000000e+000
  3.0000000e+003  6.0000000e+000  1.5000000e+001  2.0000000e+000  5.0000000e+000  0.0000000e+000
  1.5000000e+003  5.0000000e+000  1.3000000e+001  2.0000000e+000  5.0000000e+000  0.0000000e+000
  1.2000000e+003  5.0000000e+000  1.3000000e+001  2.0000000e+000  5.0000000e+000  0.0000000e+000
  4.5000000e+002  2.0000000e+000  1.0000000e+001  4.0000000e+000  5.0000000e+000  0.0000000e+000
  6.5000000e+002  3.0000000e+000  1.0000000e+001  4.0000000e+000  5.0000000e+000  0.0000000e+000
  7.0000000e+002  3.0000000e+000  1.0000000e+001  4.0000000e+000  5.0000000e+000  0.0000000e+000
  6.0000000e+002  3.0000000e+000  1.0000000e+001  4.0000000e+000  5.0000000e+000  0.0000000e+000
  1.8000000e+003  3.0000000e+000  1.0000000e+001  3.0000000e+000  5.0000000e+000  0.0000000e+000
  5.0000000e+003  1.0000000e+000  1.5000000e+001  2.0000000e+000  6.0000000e+000  1.0000000e+000
  3.0000000e+003  2.0000000e+000  1.5000000e+001  2.0000000e+000  6.0000000e+000  1.0000000e+000
  2.0000000e+003  3.0000000e+000  1.0000000e+001  1.0000000e+000  6.0000000e+000  1.0000000e+000
  3.0000000e+003  5.0000000e+000  1.0000000e+001  1.0000000e+000  6.0000000e+000  1.0000000e+000
  2.0000000e+003  1.0000000e+000  1.3000000e+001  4.0000000e+000  1.0000000e+000  0.0000000e+000
  5.0000000e+003  2.0000000e+000  1.3000000e+001  3.0000000e+000  1.0000000e+000  0.0000000e+000
  2.0000000e+003  5.0000000e+000  2.0000000e+001  3.0000000e+000  3.0000000e+000  0.0000000e+000
  1.0000000e+003  2.0000000e+000  1.8000000e+001  5.0000000e+000  6.0000000e+000  1.0000000e+000
  2.5000000e+003  6.0000000e+000  1.8000000e+001  5.0000000e+000  6.0000000e+000  1.0000000e+000
  1.8000000e+002  1.0000000e+000  1.0000000e+001  3.0000000e+000  2.0000000e+000  0.0000000e+000
  7.9000000e+002  3.0000000e+000  1.0000000e+001  4.0000000e+000  3.0000000e+000  0.0000000e+000
  9.0000000e+002  3.0000000e+000  1.3000000e+001  3.0000000e+000  4.0000000e+000  0.0000000e+000
  3.1000000e+002  2.0000000e+000  1.3000000e+001  3.0000000e+000  4.0000000e+000  0.0000000e+000
  1.5000000e+002  1.0000000e+000  1.3000000e+001  3.0000000e+000  4.0000000e+000  0.0000000e+000
  1.3000000e+003  4.0000000e+000  1.3000000e+001  2.0000000e+000  4.0000000e+000  0.0000000e+000
  3.0000000e+003  5.0000000e+000  1.3000000e+001  1.0000000e+000  4.0000000e+000  0.0000000e+000
  2.9000000e+003  8.0000000e+000  1.3000000e+001  2.0000000e+000  4.0000000e+000  0.0000000e+000
  5.0000000e+003  9.0000000e+000  1.3000000e+001  1.0000000e+000  4.0000000e+000  0.0000000e+000
  3.0000000e+002  1.0000000e+000  1.0000000e+001  4.0000000e+000  4.0000000e+000  0.0000000e+000
  8.0000000e+002  3.0000000e+000  1.0000000e+001  4.0000000e+000  4.0000000e+000  0.0000000e+000
  7.0000000e+002  3.0000000e+000  1.0000000e+001  4.0000000e+000  4.0000000e+000  0.0000000e+000
  4.7000000e+002  2.0000000e+000  1.0000000e+001  2.0000000e+000  5.0000000e+000  0.0000000e+000
  8.6000000e+002  3.0000000e+000  1.0000000e+001  2.0000000e+000  5.0000000e+000  0.0000000e+000
  1.5000000e+003  4.0000000e+000  1.3000000e+001  3.0000000e+000  5.0000000e+000  0.0000000e+000
  5.4000000e+003  9.0000000e+000  1.5000000e+001  1.0000000e+000  5.0000000e+000  0.0000000e+000
  3.2000000e+003  1.0000000e+001  1.5000000e+001  1.0000000e+000  5.0000000e+000  0.0000000e+000
  2.3000000e+003  1.0000000e+001  1.5000000e+001  1.0000000e+000  5.0000000e+000  0.0000000e+000
  4.7000000e+003  9.0000000e+000  1.5000000e+001  1.0000000e+000  5.0000000e+000  0.0000000e+000
  4.3300000e+003  9.0000000e+000  1.5000000e+001  1.0000000e+000  5.0000000e+000  0.0000000e+000
  5.5000000e+002  3.0000000e+000  1.0000000e+001  2.0000000e+000  5.0000000e+000  0.0000000e+000
